# Linhas iniciadas com '#' são comentários e devem ser ignoradas.
# PROBLEMA: Fluxo Máximo
# FORMATO:
# 1a linha:  n m s t (número de vértices, número de arestas, vértice origem, vértice destino
# próximas m linhas: u v cap (aresta u,v e capacidade)
50 220 0 49
39 16 193
40 6 180
19 28 28
23 46 53
18 20 126
12 8 158
33 32 89
16 30 95
7 29 39
48 14 193
35 23 43
0 16 157
29 23 192
37 24 183
6 43 79
1 39 163
39 14 185
40 29 199
41 26 49
2 19 146
6 15 157
24 29 114
26 37 59
41 6 145
26 17 28
13 28 133
23 6 195
34 41 111
25 17 68
29 5 189
41 40 172
3 21 82
36 13 37
13 37 75
21 49 57
0 17 57
34 16 64
42 1 53
22 15 170
1 11 87
8 47 127
7 47 36
28 49 112
37 6 135
14 39 31
19 29 184
3 30 122
43 6 145
4 5 102
9 4 52
39 40 169
45 20 117
33 18 136
38 27 45
41 49 161
27 28 78
21 29 122
46 6 100
20 42 85
9 43 141
5 27 44
8 35 35
35 21 191
26 22 190
46 3 93
19 22 46
32 13 59
14 6 109
23 7 91
14 27 163
39 43 184
1 38 188
17 44 99
22 0 66
36 42 122
9 47 182
5 47 155
24 26 136
10 23 99
49 36 172
3 9 60
3 43 40
28 42 128
38 28 126
13 48 151
22 27 48
43 37 144
42 19 31
25 38 34
13 19 74
48 16 94
7 0 147
11 8 117
45 14 148
42 22 38
47 2 131
29 4 100
27 36 123
18 7 123
20 10 178
44 23 42
27 37 122
5 25 99
14 21 63
32 40 49
32 12 109
46 41 57
6 9 85
11 38 59
11 49 180
29 48 164
28 43 164
20 40 100
28 4 140
40 19 90
3 22 149
28 2 34
18 4 185
39 38 149
29 37 161
28 36 186
20 38 141
9 3 135
21 45 41
41 11 30
45 28 132
33 39 60
23 18 119
49 21 193
3 40 185
4 21 44
43 24 92
46 42 174
21 5 169
22 19 187
8 38 41
35 24 184
8 42 199
5 41 191
32 23 24
19 11 74
49 31 69
8 9 39
6 32 158
2 42 106
24 9 61
44 49 179
46 28 31
23 43 80
39 18 134
34 15 99
12 23 193
28 29 92
32 33 127
12 38 55
3 41 143
35 6 152
18 5 61
28 32 57
5 14 135
1 26 33
15 24 40
14 1 101
45 41 105
8 2 93
44 8 200
28 39 21
1 16 75
35 46 175
27 7 93
19 7 32
26 40 179
4 7 147
34 1 181
36 15 56
27 0 177
15 36 126
42 5 154
4 33 159
32 35 25
30 2 182
23 16 24
4 22 81
49 37 105
2 22 159
49 43 138
40 11 54
45 49 137
18 12 31
2 20 99
25 34 141
2 48 185
18 22 32
17 7 114
25 47 132
21 11 147
23 33 88
46 27 40
38 11 159
20 6 40
42 18 98
38 45 129
44 28 109
2 46 110
27 17 183
4 42 183
23 32 193
1 9 175
2 8 37
49 41 113
24 36 28
28 23 115
48 4 166
33 23 121
41 17 83
1 47 67
33 24 163
16 49 86
13 39 93
12 7 54
